3120756130
1941345837
5644764907
5796662600
2006277991
6041616816
1742566624
3217179555
5568490146
1927564525
1965681503
5181464632
2713968254
5039775130
2891529877
2150511032
1730726637
5220839587
2718604160
2870450862
2006455031
2482557597
1291843462
3766773034
2970036311
5909185172
1086233511
1659041705
3838999046
5922754405
2182038504
5443838800
1648254924
3284704805
2307739472
5540021041
2430259303
2438867634
2479684881
2387391680
2006277991
5601795427
1809054937
6294417401
2219523390
3860585716
3630172281
5833583486
3975207538
1678105910
1914100420
1629810574
1741692611
1794572275
1662450871
1826643727
3275698703
1716244011
1789689757
1811410782
1893797013
1302778544
1726286122
1861637260
1809013243
2108917391
2132542850
1750196583
1774973592
1275333805
1760489947
2196767901
1622725987
1833340431
1829859577
1646202590
2199195625
2959821960
2553863767
2695865611
2550481263
2574416217
1914833302
2649667652
2695762154
2649642252
1829601841
2734617115
1757142323
2938004685
2821642914
2095433847
2786864052
2625738240
2368761720
1993084260
1794898207
1792821407
1791741503
2824095151
1828986201
2072694674
1919114090
2735868921
1649520844
2313503303
2496070130
1675718025
1900887504
1815169397
1887835965
2311287417
1660956507
2139102755
2141853335
2126648425
1966380590
2235928360
2235807554
2235940644
2184429554
1975607710
7317626065
1497004537
3982425411
1957744370
7309649968
6992157759
5631696105
6444343449
6453988165
5183309747
6457708109
6403162236
6574412276
6037710233
1968758563
6607219261
7301636346
6171674423
317770605
5394240042
6084436691
5307592799
5991881724
2077800005
1912728955
3191568265
5935419341
333516188
5913979440
5903942716
6494135138
7008911956
6711062248
32580657
7002654387
6988354948
270114421
3249569520
6931533545
5683895842
7210555172
3221903824
1280178792
2729905775
1895289983
6814027861
5306704459
2560497310
6266319024
6527030300
3082731712
6439236435
5903803232
5174400490
2675106653
6035122224
6430844172
1793084745
5284969400
5740367818
577113727
5647888276
7333168465
7333180736
7208276822
7225684336
7293926381
7333554981
7331007146
7266184865
7335483429
3094433924
3287440851
1371020021
6045537963
3210693695
1870940282
2405584352
5383101754
2480172345
7203040988
6061180654
3176010690
5743923782
920921067
6593871464
6583503138
5556869758
3587960280
3207941460
1620479112
2242952772
5574737580
1783286485
1644461042
1925062481
1615769500
5578829101
2579815020
2719685772
7375432937
5545087531
1224326774
2579815020
1576959453
1300605390
1273109205
1823974325
1626680963
3146326692
2661719913
1652527364
3168291857
2257487194
1945139352
5897933385
2405012041
7473157651
1267478805
2139335344
1937080820
1890225043
3829981184
7414780780
1823795742
1311720784
1711576182
1117395942
1504055901
2015773864
1193258875
1354772407
1815864045
1920499625
1603238494
1779228023
2705796901
1925062481
1615769500
5578829101
2579815020
2719685772
7375432937
5545087531
1925062481
1615769500
5578829101
2579815020
2719685772
7375432937
5545087531
1224326774
2579815020
1576959453
1300605390
1273109205
1823974325
1626680963
3146326692
2661719913
1652527364
3168291857
2257487194
1945139352
5897933385
2405012041
7473157651
1267478805
2139335344
1937080820
1890225043
3829981184
1925062481
1615769500
5578829101
2579815020
2719685772
7375432937
5545087531
1224326774
2579815020
1576959453
1300605390
1273109205
1823974325
1626680963
3146326692
2661719913
1652527364
3168291857
2257487194
1945139352
5897933385
2405012041
7473157651
1267478805
2139335344
1937080820
1890225043
3829981184
7414780780
1823795742
1311720784
1711576182
1117395942
1504055901
2015773864
1193258875
1354772407
1815864045
1920499625
1603238494
1779228023
2705796901
1991194723
2030928657
5272231888
6149166073
2016332755
1897440525
1896975874
5287018848
6229465271
7003340825
1307554691
2684526787
2389178170
1796594220
2404635390
1504046854
1556885600
1225512093
1704007294
5440166100
1952847141
1766053417
5980592550
5605379215
5172491232
5204500852
5204825236
5208019338
5222794628
5878659096
6597655147
1919515325
5664530548
3166193577
2643855891
6130628111
1876879003
6137683616
6008543115
6326872257
5821286047
7395651620
1743980133
6485867559
1870149100
2162706231
2158017100
2396191880
1490804675
2433530640
3093934543
2480489811
2708709407
3003080942
2660358043
5786394873
1490804675
1636524561
5252032258
1586835361
2409262382
1224783537
1236636620
1303584587
6361168292
5581041195
1638951611
5889801226
5821695949
3626614025
1838612285
1929119463
1553404072
3626614025
6087593606
5488316427
5836543932
6909726349
1801988971
1270086770
1804320741
1941344065
1824774482
2009251857
2391078511
7369153915
6485867559
5650549223
2158017100
1929119463
5732342169
2414956597
1748943100
5551974496
2373145130
6045819468
2102739291
2186407630
1774576935
5602274931
1195380517
1679767197
1740566260
1690626497
1762424654
1238706931
6096382092
6592181004
5310881268
5729193604
5078246746
5515911489
5708526231
1215468900
7436808272
5654436412
1794712835
5381870276
6087764807
1838612285
1750320141
1895327843
1751195602
1893769523
1895964183
3948352701
1881723360
1801986007
5242758074
3783157493
1431035780
5812423110
1824647150
1467763854
1644395354
1805982651
3886608419
3461350924
6037687121
1667538591
3709934620
1799473445
1995839643
2995631244
2366586964
1838612285
2058228801
5394206608
3263330414
6425113566
7579562933
2405882795
5844573935
3421045302
5394206608
7500604057
5742418474
6425113566
7579562933
5863441494
6063378052
2531903842
1304210584
1228374534
5652397983
1761874195
2010456145
7503524132
1732953640
1248438157
3478106433
2690921730
2100002634
2579149973
1751527473
3786464521
1098242362
6549618721
1761873674
5931562931
1799473445
1790597487
2995631244
1640766861
1727006174
2259906485
5069052274
2480489811
1930783787
5188687392
2181672397
2396191880
2611790317
6299534218
5690064659
1826395011
2106756007
1757867047
2851547981
2635598932
2083157301
5821749995
5821230078
1862078665
5777048469
2813534267
2641219183
2165931464
1240103463
1592911605
1367257524
1847234354
1688703345
1777448890
6376475192
1227341085
1881832604
1656946103
2753995643
1764064054
5102198557
1885058400
1792436135
2884778710
1957886785
2936031373
2485290411
6206155983
5960747796
2951852381
5271806659
7773933565
5382946952
2131353885
3693128121
6427644421
3340686400
1729287701
2289225735
3032795850
2805523795
6584225076
7796741807
3693128121
1167138057
1748013270
5710951916
6000337640
2293703917
1450866553
3032240181
2951852381
5271806659
3220800032
1896525764
6121071702
3592585732
1551251465
1646142115
1896525764
1430131137
1779283181
5277693139
1436891042
3340686400
3948309929
7918035481
7335588986
1549362863
2903702822
5060572092
5896547598
5907547517
6012083353
2941636092
1736117687
1752618752
6856140782
6687196179
1757384341
7001021824
6605484378
2415737721
1638720921
1947570967
5998233658
5646244946
1231465310
3202042650
2672503293
3870717504
1877233161
2412161651
6573086658
2168922075
5631940766
1799423472
1805662261
1316231677
1846474312
1638720921
5537621031
1955237495
1791841131
1728838857
1783274270
1548586150
2153498132
1875465405
1994649980
1923275660
6512790201
1642256624
5200857052
5708077577
3774821832
1878225505
1678695635
1733539123
1259967117
1790036172
1881822011
1747145942
1770500327
1727774904
2285910335
1965831021
2025243094
3186413594
1794173487
1989691707
5756041617
1568295392
2689734045
1739737324
1844194212
1686466863
1940164025
1769442895
